10
0 525 907 1639 2346 5141 4123 945 1327 1970
525 0 606 965 1789 4728 3879 1370 899 1655
907 606 0 357 1221 4095 3421 1649 1237 1290
1639 965 357 0 885 3757 3172 1874 1318 1129
2346 1789 1221 885 0 2631 2263 2221 1465 1024
5141 4728 4095 3757 2631 0 1223 4384 3445 2588
4123 3879 3421 3172 2263 1223 0 3253 2408 1760
945 1370 1649 1874 2221 4384 3253 0 795 1597
1327 899 1237 1318 1465 3445 2408 795 0 1028
1970 1655 1290 1129 1024 2588 1760 1597 1028 0