6
0 525 907 1639 2346 5141
525 0 606 965 1789 4728
907 606 0 357 1221 4095
1639 965 357 0 885 3757
2346 1789 1221 885 0 2631
5141 4728 4095 3757 2631 0