7
0 525 907 1639 2346 5141 4123
525 0 606 965 1789 4728 3879
907 606 0 357 1221 4095 3421
1639 965 357 0 885 3757 3172
2346 1789 1221 885 0 2631 2263
5141 4728 4095 3757 2631 0 1223
4123 3879 3421 3172 2263 1223 0